          19           1          14   1.79236603    
          20           1          14   1.64022195    
          17           1          14   3.37584162    
          17           1          14   1.71928811    
          19           1          16   1.61565495    
          17           1          14   1.44363236    
          18           1          16   1.59715700    
          16           1          16   1.71404159    
          15           1          14   2.27147341    
          17           1          16   1.59452832    
          17           1          18   1.67015004    
          16           1          16   1.73907089    
          15           1          16   1.58503354    
          14           1          16   2.96302414    
          14           1          16   1.93545640    
          15           1          18   1.62578881    
          14           1          16   1.85859537    
          15           1          18   1.63150072    
          14           1          16   1.68141139    
          10           1          14   3.58813739    
          13           1          16   1.69943762    
          13           1          16   1.70344567    
          13           1          16   1.63628566    
          14           1          16   1.62073863    
           7          12           6   9.94416523    
          13           1          16   2.82958317    
          14           1          16   1.78386569    
          14           1          18   1.76991057    
          13           1          16   1.83940256    
          14           1          18   2.04834557    
          14           1          18   1.66971993    
          14           1          18   1.95110202    
          13           1          16   1.76986933    
          13           1          16   1.80936110    
          14           1          18   1.87801850    
          13           1          18   3.96977758    
          14           1          18   1.75412357    
          15           1          18   1.92814565    
          14           1          18   1.95309603    
          15           1          18   1.95047045    
          14           1          16   2.73895097    
          15           1          18   1.94900477    
          15           1          18   1.78266466    
          15           1          18   1.85817266    
          16           1          18   2.10450315    
          14           1          16   3.56910372    
          15           1          18   1.83978879    
          16           1          18   4.62578487    
          16           1          18   2.25415516    
          16           1          18   1.93061364    
